2016/09/11,00:00:29,254.00033565,48°39.76'N,068°35.39'W,5.47078785707E-04,2.51021447527E-05,-3.53813912033E-04,2.05474776367E-05,2.64833203246E-04,1.51828887360E-05,-1.14724078787E-04,1.22293478986E-05,4.77635700350E-05,1.58332849447E-05,2.30666163072E-04,1.08280404958E-05,-3.56081549502E-04,1.12332147817E-05,Nul
2016/09/11,00:15:29,254.01075231,48°39.73'N,068°35.41'W,5.13217984005E-04,2.52044186609E-05,-3.45006502094E-04,1.86622671996E-05,2.62621196637E-04,1.55745890986E-05,-9.90107890829E-05,1.54296741718E-05,5.28514679693E-05,1.48957702227E-05,2.30941507893E-04,1.15865162018E-05,-3.51591903016E-04,1.09273907266E-05,Nul
2016/09/11,00:30:29,254.02116898,48°39.72'N,068°35.41'W,4.88076948264E-04,2.47010171236E-05,-3.10969390193E-04,2.39802414331E-05,2.32479046497E-04,1.45937293730E-05,-1.05567392757E-04,1.48038384419E-05,4.95248797110E-05,1.58291412549E-05,2.10113369541E-04,1.06934241591E-05,-3.34038685495E-04,1.06142796061E-05,Nul
2016/09/11,00:45:30,254.03159722,48°39.71'N,068°35.41'W,4.66836860453E-04,2.51396857996E-05,-3.10983045093E-04,1.75642022666E-05,2.10302018867E-04,1.84355208092E-05,-9.10948542548E-05,1.27352587197E-05,4.30380326075E-05,1.49406782621E-05,1.91346545497E-04,1.10598517499E-05,-3.23552645746E-04,1.03859335258E-05,Nul
2016/09/11,01:15:30,254.05243056,48°39.71'N,068°35.41'W,4.42671061694E-04,2.71904102998E-05,-3.21661176213E-04,1.83672233814E-05,2.14104201900E-04,1.48125996669E-05,-7.94682345950E-05,1.34218700389E-05,4.29905099181E-05,1.60646208187E-05,1.92955238182E-04,1.08432843297E-05,-3.15867854764E-04,1.03165828995E-05,Nul
2016/09/11,01:30:30,254.06284722,48°39.71'N,068°35.41'W,4.44640657953E-04,3.45543787113E-05,-3.08638954075E-04,1.68287539047E-05,2.21969641708E-04,1.38824903821E-05,-9.85306848880E-05,1.41502136832E-05,3.36671522907E-05,1.51177062416E-05,1.90776996621E-04,1.17546996128E-05,-3.30048101075E-04,1.13211503187E-05,Nul
2016/09/11,01:45:29,254.07325231,48°39.71'N,068°35.40'W,4.22281915956E-04,3.46692182904E-05,-3.10778221606E-04,1.67138227528E-05,2.29483818665E-04,1.44513935712E-05,-9.18583934564E-05,1.22843734187E-05,4.38488884954E-05,1.53329671032E-05,1.90171615200E-04,1.05682142946E-05,-3.17252226168E-04,1.16548925408E-05,Nul
2016/09/11,02:00:29,254.08366898,48°39.71'N,068°35.40'W,4.49837141287E-04,2.48443863017E-05,-3.19990726886E-04,1.82363670112E-05,2.12110547875E-04,1.49543196058E-05,-8.55765482073E-05,1.24976981310E-05,4.65962939765E-05,1.53076204668E-05,1.97658731214E-04,1.22240571189E-05,-3.06601744512E-04,1.12498808173E-05,Nul
2016/09/11,02:00:29,254.08366898,48°39.71'N,068°35.40'W,4.49837141287E-04,2.48443863017E-05,-3.19990726886E-04,1.82363670112E-05,2.12110547875E-04,1.49543196058E-05,-8.55765482073E-05,1.24976981310E-05,4.65962939765E-05,1.53076204668E-05,1.97658731214E-04,1.22240571189E-05,-3.06601744512E-04,1.12498808173E-05,Nul
2016/09/11,02:15:30,254.09409722,48°39.72'N,068°35.40'W,4.27784355990E-04,2.46626197816E-05,-2.87533031652E-04,2.00340913044E-05,2.18119990722E-04,1.57962713927E-05,-9.78654802806E-05,1.25349440643E-05,4.47607300983E-05,1.48788710837E-05,1.95382421635E-04,1.09546637987E-05,-3.23365258457E-04,1.03938871154E-05,Nul
2016/09/11,02:30:30,254.10451389,48°39.73'N,068°35.39'W,4.41839241915E-04,2.90291740244E-05,-3.13850573910E-04,2.08565079118E-05,2.17669045169E-04,1.71710390962E-05,-9.02271960712E-05,1.32011112371E-05,5.32078881398E-05,1.50097120318E-05,1.92710068136E-04,1.13763730074E-05,-3.27900795708E-04,1.07205289222E-05,Nul
2016/09/11,02:45:30,254.11493056,48°39.75'N,068°35.38'W,4.54330880324E-04,2.91689610165E-05,-3.34205476881E-04,2.29267030535E-05,2.20882625585E-04,1.42887456163E-05,-9.13291219644E-05,1.18981284034E-05,3.09019258011E-05,1.48308897844E-05,1.90956159347E-04,1.09757985949E-05,-3.23342313075E-04,1.09969357441E-05,Nul
2016/09/11,03:00:30,254.12534722,48°39.77'N,068°35.37'W,4.73716105639E-04,2.82786812243E-05,-3.14374011710E-04,1.98085187480E-05,2.28178449958E-04,1.52748797113E-05,-1.02027347368E-04,1.35017774074E-05,3.90164250167E-05,1.48366820266E-05,2.01241985730E-04,1.31791103573E-05,-3.20116574735E-04,1.35856384991E-05,Nul
2016/09/11,03:15:29,254.13575231,48°39.81'N,068°35.37'W,4.57041465467E-04,2.80964294198E-05,-3.10514226889E-04,2.16075009557E-05,2.18333596510E-04,1.65825786411E-05,-8.77775077996E-05,1.37793447229E-05,4.11460355356E-05,1.59537853117E-05,2.01907716700E-04,1.09275451813E-05,-3.30453469498E-04,1.06134129117E-05,Nul
2016/09/11,03:30:30,254.14618056,48°39.84'N,068°35.35'W,4.57533864531E-04,3.09450267090E-05,-3.33536386824E-04,2.02945869107E-05,2.22657927026E-04,1.33567194897E-05,-1.00691153765E-04,1.34325200812E-05,3.05276846220E-05,1.89393331147E-05,1.97411675245E-04,1.05324734179E-05,-3.23839463026E-04,1.26005366685E-05,Nul
2016/09/11,03:45:30,254.15659722,48°39.86'N,068°35.32'W,4.65522202756E-04,2.30417817934E-05,-3.13891538607E-04,2.20398489794E-05,2.33485367100E-04,1.89142234014E-05,-1.01220425257E-04,1.29611447555E-05,3.91233510679E-05,1.66777532704E-05,1.91784079732E-04,1.03731010768E-05,-3.22631006221E-04,1.11042657261E-05,Nul
2016/09/11,04:00:30,254.16701389,48°39.88'N,068°35.29'W,4.54249610575E-04,2.60416147062E-05,-3.00842006671E-04,1.87004318590E-05,2.27874655059E-04,1.51716139822E-05,-1.08002620059E-04,1.33986621173E-05,2.98712774746E-05,1.67368724009E-05,1.91565312614E-04,9.27944299189E-06,-3.16883187934E-04,1.11128420925E-05,Nul
2016/09/11,04:15:30,254.17743056,48°39.89'N,068°35.25'W,4.40424192176E-04,2.36027494372E-05,-3.11115042451E-04,1.69353959428E-05,2.13415916582E-04,1.48472814105E-05,-1.11036531507E-04,1.29399808293E-05,3.55769703711E-05,1.53050360852E-05,1.93651143927E-04,1.03648720003E-05,-3.19194935209E-04,1.05844887669E-05,Nul
2016/09/11,04:30:30,254.18784722,48°39.91'N,068°35.20'W,4.66731687837E-04,2.31255624019E-05,-3.39726607763E-04,1.90779373783E-05,2.30167357187E-04,1.74244167971E-05,-1.09396657540E-04,1.61150254070E-05,5.59107410996E-05,1.83240073531E-05,2.05272204098E-04,1.18446476084E-05,-3.28875974459E-04,1.03105320693E-05,Nul
2016/09/11,04:45:30,254.19826389,48°39.93'N,068°35.15'W,4.46041365972E-04,2.76034429658E-05,-3.10368574632E-04,2.14240387294E-05,2.12229217758E-04,1.35493353467E-05,-1.10299022051E-04,1.30377847916E-05,4.82239460886E-05,1.76308437144E-05,1.92619543811E-04,9.54496720120E-06,-3.23370994803E-04,1.31825531874E-05,Nul
2016/09/11,05:00:30,254.20868056,48°39.94'N,068°35.09'W,4.57079710054E-04,2.21150407426E-05,-3.24237400516E-04,1.88268313455E-05,2.14597868611E-04,1.44213336247E-05,-1.16832488173E-04,1.23151958140E-05,4.48023124516E-05,1.49599718362E-05,2.05971881690E-04,1.09855570722E-05,-3.24988644260E-04,1.33143895779E-05,Nul
2016/09/11,05:15:30,254.21909722,48°39.95'N,068°35.03'W,4.61678621707E-04,2.28895563832E-05,-2.99981748026E-04,1.78662398791E-05,2.25335119574E-04,1.33414675369E-05,-1.07377906166E-04,1.48736986555E-05,5.15921167001E-05,1.61489358209E-05,1.80734454360E-04,9.61352922628E-06,-3.31658102073E-04,1.22838259888E-05,Nul
2016/09/11,05:30:30,254.22951389,48°39.95'N,068°34.98'W,4.80772232042E-04,2.79026903400E-05,-3.10700843844E-04,2.01519640003E-05,2.22847798838E-04,1.36632031578E-05,-1.03158195200E-04,1.35374327298E-05,4.27588368072E-05,1.49324384587E-05,1.81828289949E-04,1.20466999076E-05,-3.24581363723E-04,1.08751235466E-05,Nul
2016/09/11,05:45:30,254.23993056,48°39.95'N,068°34.93'W,4.65503080462E-04,2.49463473568E-05,-3.13149622421E-04,1.83642994947E-05,2.07705521839E-04,1.36313027228E-05,-8.76068683569E-05,1.39872049032E-05,5.28158259522E-05,1.83685671965E-05,1.95310756545E-04,1.04981407803E-05,-3.28807138312E-04,1.08898915653E-05,Nul
2016/09/11,06:00:30,254.25034722,48°39.94'N,068°34.88'W,4.75781313366E-04,2.14031163582E-05,-3.24474085434E-04,1.78943347447E-05,2.35521742283E-04,1.42812012642E-05,-9.51728477176E-05,1.33533001626E-05,3.92035456062E-05,1.62649162550E-05,1.91314484798E-04,1.01233952521E-05,-3.18581146230E-04,9.73545637108E-06,Nul
2016/09/11,06:15:30,254.26076389,48°39.94'N,068°34.84'W,4.77994718871E-04,2.33487910195E-05,-3.06012661809E-04,1.95471294661E-05,2.27252824875E-04,1.49551942348E-05,-9.33883640534E-05,1.24883370564E-05,5.06238419035E-05,1.48444104147E-05,1.90771338851E-04,1.07668764260E-05,-3.15737830930E-04,1.01772621981E-05,Nul
2016/09/11,06:30:30,254.27118056,48°39.93'N,068°34.82'W,4.67085450272E-04,3.02471199917E-05,-3.14546973766E-04,2.02348871084E-05,2.14180150625E-04,1.36153621261E-05,-9.51757399115E-05,1.52098178016E-05,3.94144275405E-05,1.36529800843E-05,1.93636056540E-04,1.07999076112E-05,-3.35038721743E-04,1.03334671719E-05,Nul
2016/09/11,07:00:30,254.29201389,48°39.93'N,068°34.81'W,4.64193203338E-04,2.56400257469E-05,-3.04251179821E-04,1.91979383699E-05,2.29792360359E-04,1.37035877911E-05,-9.17022149833E-05,1.24906369646E-05,3.81639867755E-05,1.68006761713E-05,2.09411806025E-04,1.10300920660E-05,-3.07423954048E-04,1.15241495184E-05,Nul
2016/09/11,07:15:30,254.30243056,48°39.93'N,068°34.80'W,4.73496199260E-04,2.61951381172E-05,-3.38447598878E-04,2.08849478792E-05,2.35146745455E-04,1.54198949333E-05,-1.02848730448E-04,1.35868930489E-05,4.88922339083E-05,1.63631096822E-05,2.09619257602E-04,1.08354894831E-05,-3.20011408399E-04,1.05018801393E-05,Nul
2016/09/11,07:30:31,254.31285880,48°39.92'N,068°34.79'W,4.91246468457E-04,2.54957160869E-05,-3.35848616410E-04,1.90855601916E-05,2.37168880251E-04,1.43368054886E-05,-9.34172859928E-05,1.35370100793E-05,5.45236726026E-05,1.61492704161E-05,2.11026156480E-04,1.27521108034E-05,-3.30608350829E-04,1.02622593877E-05,Nul
2016/09/11,07:45:30,254.32326389,48°39.92'N,068°34.79'W,4.88722325679E-04,2.49103365753E-05,-3.25065797729E-04,1.85854285588E-05,2.43088133988E-04,1.43838777138E-05,-1.04430760536E-04,1.37336322078E-05,4.47637002664E-05,1.60001874219E-05,2.07469304893E-04,9.87878843844E-06,-3.52549872731E-04,1.02774802733E-05,Nul
2016/09/11,08:00:30,254.33368056,48°39.92'N,068°34.78'W,5.01577287669E-04,2.22456474183E-05,-3.14232911086E-04,1.93123784008E-05,2.59758879073E-04,1.47087845314E-05,-1.13263520845E-04,1.31464299582E-05,3.93787855234E-05,1.44258822770E-05,2.17728728348E-04,1.18791707502E-05,-3.39639270911E-04,1.05000234882E-05,Nul
2016/09/11,08:15:30,254.34409722,48°39.92'N,068°34.78'W,5.19002477872E-04,2.70576546282E-05,-3.32849090234E-04,1.81195463554E-05,2.57005737800E-04,1.45918610675E-05,-1.01807540628E-04,1.28380316036E-05,3.28562964028E-05,1.63340323758E-05,2.12491518985E-04,1.00501899998E-05,-3.44584000814E-04,1.06271719396E-05,Nul
2016/09/11,08:30:30,254.35451389,48°39.92'N,068°34.79'W,5.22678738850E-04,2.39821215525E-05,-3.49221314292E-04,2.00962011251E-05,2.33945806244E-04,1.54108772170E-05,-1.08526107163E-04,1.29618598101E-05,3.57343892798E-05,1.68634164579E-05,2.20823528695E-04,1.01685584552E-05,-3.42692918883E-04,9.75125829166E-06,Nul
2016/09/11,08:45:30,254.36493056,48°39.93'N,068°34.80'W,5.12639534618E-04,2.13720694069E-05,-3.40313768426E-04,1.87061513927E-05,2.39679934964E-04,1.60772176848E-05,-1.11577371775E-04,1.32919013095E-05,4.91981612214E-05,1.63207136504E-05,2.21095101669E-04,1.08104259865E-05,-3.44161423355E-04,1.12286265323E-05,Nul
2016/09/11,09:00:31,254.37535880,48°39.93'N,068°34.81'W,5.21029441012E-04,2.67290424413E-05,-3.22867358969E-04,1.83320008611E-05,2.48993147338E-04,1.45978249117E-05,-1.04245660124E-04,1.36764812125E-05,4.43538170703E-05,1.56070010988E-05,2.18498185107E-04,1.14861587022E-05,-3.41788488394E-04,1.08269890876E-05,Nul
2016/09/11,09:15:30,254.38576389,48°39.93'N,068°34.82'W,4.95678060039E-04,2.46078804881E-05,-3.23941544368E-04,2.43210168832E-05,2.50668766078E-04,1.52470973775E-05,-1.08795081200E-04,1.25531656010E-05,5.74968108584E-05,1.70641437718E-05,2.15963504018E-04,1.11654723307E-05,-3.52859635393E-04,1.07603828759E-05,Nul
2016/09/11,09:30:30,254.39618056,48°39.94'N,068°34.83'W,5.13404426369E-04,2.62762917975E-05,-3.38251878657E-04,2.03141911972E-05,2.59398122630E-04,1.46448643635E-05,-1.00023056964E-04,1.30669194416E-05,5.84977575040E-05,1.61032329804E-05,2.06266085745E-04,1.10820819592E-05,-3.53526963597E-04,1.10615619637E-05,Nul
2016/09/11,09:45:31,254.40660880,48°39.94'N,068°34.84'W,5.43502916772E-04,2.91609960428E-05,-3.00054574155E-04,1.92282842306E-05,2.73643255318E-04,1.68574774658E-05,-6.71330274185E-05,1.59273490819E-05,7.82077929340E-05,1.55551187855E-05,2.30813265099E-04,1.14736701675E-05,-3.22137680500E-04,1.20503171605E-05,Nul
2016/09/11,10:00:29,254.41700231,48°39.95'N,068°34.85'W,6.80820108372E-04,3.53370203919E-05,-1.01721715912E-04,2.86244584594E-05,7.06626935188E-04,4.01530089904E-05,3.42499969821E-04,4.54129799305E-05,5.21832098515E-04,4.47218138939E-05,3.31378246038E-04,1.64060620975E-05,-1.82390741222E-04,2.00942696935E-05,Nul
2016/09/11,10:15:31,254.42744213,48°39.96'N,068°34.87'W,1.89649125170E-03,1.25133762084E-04,1.83738775149E-03,1.72008120744E-04,5.11777633733E-03,3.30663233259E-04,5.49787616792E-03,3.73640809207E-04,7.77467367122E-03,4.57527846173E-04,2.36964279801E-03,1.46287517090E-04,2.56298410627E-03,1.95458194159E-04,Nul
2016/09/11,10:30:30,254.43784722,48°39.96'N,068°34.89'W,3.51767453739E-03,2.96744252193E-04,3.98603164606E-03,3.94218839777E-04,8.87936952416E-03,7.25680573826E-04,9.46722725734E-03,8.15925880094E-04,1.24390583080E-02,9.46508834621E-04,3.25277359182E-03,2.74341797296E-04,4.07641563737E-03,4.13098416949E-04,Nul
2016/09/11,10:45:32,254.44828704,48°39.97'N,068°34.90'W,6.69352420989E-03,5.32422327237E-04,8.86496351858E-03,7.52287416996E-04,1.97679293343E-02,1.48725644470E-03,2.22006664025E-02,1.63595120710E-03,3.09938498305E-02,2.07783723342E-03,7.78131516549E-03,6.37413079688E-04,1.04677562939E-02,8.94269080178E-04,Nul
2016/09/11,11:15:29,254.46908565,48°39.97'N,068°34.92'W,1.33159761124E-02,1.39618797151E-03,1.89964844751E-02,1.95552755419E-03,4.16778452999E-02,3.63894044214E-03,4.80167771116E-02,4.13695648049E-03,6.94732476661E-02,5.21749620006E-03,1.72655656273E-02,1.56919860446E-03,2.47125039875E-02,2.31960983677E-03,Nul
2016/09/11,11:30:29,254.47950231,48°39.97'N,068°34.92'W,2.72607372255E-03,1.67088516897E-04,2.86962985129E-03,2.11688071610E-04,6.95742058891E-03,3.86278033736E-04,7.46911168736E-03,4.32694076621E-04,1.08788260414E-02,5.64196124621E-04,2.65362137613E-03,1.51172217244E-04,3.11199827051E-03,2.10275802145E-04,Nul
2016/09/11,11:45:29,254.48991898,48°39.97'N,068°34.94'W,1.37760302953E-03,8.61683957756E-05,8.77015937456E-04,9.83419462759E-05,2.77315850840E-03,1.83888756340E-04,2.72974288196E-03,1.93648587737E-04,4.13041405533E-03,2.52798783279E-04,1.06513636056E-03,7.08225877263E-05,8.31104886442E-04,8.95516963435E-05,Nul
2016/09/11,12:00:30,254.50034722,48°39.96'N,068°34.96'W,1.39507124489E-03,8.36402987317E-05,9.35909517407E-04,1.09582495344E-04,2.90997538927E-03,1.92041243138E-04,2.90416820661E-03,2.02191527646E-04,4.41561850562E-03,2.66256266793E-04,1.09769871449E-03,7.03888619770E-05,8.84080038015E-04,9.09689355678E-05,Ouvert
2016/09/11,12:15:30,254.51076389,48°39.96'N,068°34.99'W,1.15826788183E-02,7.31048948369E-04,1.52446598382E-02,9.51985508681E-04,3.22118905469E-02,1.84524950779E-03,3.66696851044E-02,2.03732488246E-03,5.32351902221E-02,2.81093354859E-03,1.25965133286E-02,8.19514189591E-04,1.78876791670E-02,1.19497053618E-03,Ouvert
2016/09/11,12:30:31,254.52119213,48°39.97'N,068°35.02'W,1.17966429440E-02,9.90907280145E-04,1.56449623095E-02,1.25877983205E-03,3.30878594043E-02,2.26980687498E-03,3.78310050924E-02,2.48386238902E-03,5.57791213683E-02,3.21436052812E-03,1.33639464918E-02,1.04107120350E-03,1.93069830032E-02,1.51884556927E-03,Ouvert
2016/09/11,12:45:31,254.53160880,48°39.96'N,068°35.04'W,1.78289139326E-02,1.77003956140E-03,2.38224125808E-02,2.32405070279E-03,5.12450681839E-02,3.95123724887E-03,5.95490591894E-02,4.35421442262E-03,9.19501431782E-02,5.52496090477E-03,2.12583201266E-02,2.11561837932E-03,3.18019349576E-02,3.26347961087E-03,Ouvert
2016/09/11,13:00:30,254.54201389,48°39.95'N,068°35.06'W,1.33796198867E-02,1.91328276817E-03,1.73736224715E-02,2.57875078102E-03,3.61943805997E-02,4.99347932963E-03,4.16862041790E-02,5.68302470705E-03,6.34618442788E-02,8.40272197041E-03,1.59593260263E-02,2.52205268873E-03,2.39984188303E-02,3.86460833638E-03,Ouvert
2016/09/11,14:00:32,254.58370370,48°39.95'N,068°35.14'W,3.98016963324E-02,6.00145259938E-03,5.67088716475E-02,8.20938695213E-03,1.22308913373E-01,1.54549625989E-02,1.46529139950E-01,1.78932976738E-02,2.42565284818E-01,2.50726339016E-02,5.98636064848E-02,8.09675443317E-03,9.62423701866E-02,1.30154392635E-02,Ouvert
2016/09/11,14:15:30,254.59409722,48°39.95'N,068°35.14'W,3.93828559512E-02,6.66009748022E-03,5.49136711620E-02,9.01504979115E-03,1.16280554547E-01,1.68829305432E-02,1.39002563840E-01,1.95975784345E-02,2.30542299834E-01,2.78328578655E-02,5.50325590212E-02,7.93623179775E-03,8.66943128126E-02,1.23178611184E-02,Ouvert
2016/09/11,14:45:31,254.61494213,48°39.95'N,068°35.14'W,1.28533074340E-02,1.78895614863E-03,1.63633738626E-02,2.30284857798E-03,3.47641711765E-02,4.21860319348E-03,4.15088779838E-02,4.98096731826E-03,6.92187012908E-02,7.11941848287E-03,1.69473217064E-02,2.19442967246E-03,2.67892370076E-02,3.62780687526E-03,Ouvert
2016/09/11,15:00:31,254.62535880,48°39.95'N,068°35.12'W,1.47520651555E-02,2.18626120642E-03,1.88076690815E-02,2.79934581988E-03,4.02748540010E-02,5.09566985263E-03,4.80906582060E-02,5.93978381507E-03,8.10326072332E-02,8.28461227581E-03,1.99371081794E-02,2.79342323119E-03,3.18409248986E-02,4.65867323505E-03,Ouvert
2016/09/11,15:30:31,254.64619213,48°39.96'N,068°35.06'W,1.60011764101E-02,2.43014705212E-03,2.05343356282E-02,3.12053011851E-03,4.31251669202E-02,5.55475931038E-03,5.13693736266E-02,6.51098508807E-03,8.45206627392E-02,8.93650784221E-03,2.13699913106E-02,3.02287166165E-03,3.40506723004E-02,5.03393064622E-03,Ouvert
2016/09/11,15:45:31,254.65660880,48°39.96'N,068°35.02'W,2.52320334785E-02,6.42970116053E-03,3.34963214543E-02,7.96436077184E-03,6.98786131248E-02,1.28272710383E-02,8.29028543081E-02,1.56774412466E-02,1.34556120285E-01,2.08044402430E-02,3.49446003529E-02,7.57430589530E-03,5.68318364920E-02,1.24657451610E-02,Ouvert
2016/09/11,16:00:31,254.66702546,48°39.96'N,068°34.99'W,3.51913782312E-02,5.72332384797E-03,4.78006293813E-02,7.72017709850E-03,9.91428482213E-02,1.45656427981E-02,1.17557090346E-01,1.70276788203E-02,1.92089464211E-01,2.53194811617E-02,4.67041797136E-02,7.55406648985E-03,7.34708583525E-02,1.24155539752E-02,Ouvert
2016/09/11,16:30:31,254.68785880,48°39.96'N,068°34.91'W,3.36689520317E-02,4.79203722990E-03,4.56973425100E-02,6.27217972988E-03,9.31600918576E-02,1.08439793532E-02,1.10737493692E-01,1.24760083954E-02,1.78963049901E-01,1.66612459070E-02,4.64920906507E-02,6.21921977963E-03,7.44444615208E-02,1.03320424192E-02,Ouvert
2016/09/11,16:45:31,254.69827546,48°39.95'N,068°34.85'W,3.08732870234E-02,5.45659740611E-03,4.15328122018E-02,7.17725423076E-03,8.69440589859E-02,1.32832701567E-02,1.04286134064E-01,1.54710449778E-02,1.72370645994E-01,2.17810683497E-02,4.28858655878E-02,7.65332170003E-03,6.99950153448E-02,1.30807651528E-02,Ouvert
2016/09/11,17:00:31,254.70869213,48°39.95'N,068°34.81'W,3.21258116075E-02,7.51708391779E-03,4.30072591067E-02,9.78824261049E-03,8.95211273805E-02,1.82087467476E-02,1.07021643402E-01,2.12251240671E-02,1.76077080139E-01,3.02573099563E-02,4.51478327192E-02,9.51908667340E-03,7.30880739230E-02,1.55195305497E-02,Ouvert
2016/09/11,17:15:30,254.71909722,48°39.94'N,068°34.78'W,1.25210480185E-02,2.29531899305E-03,1.59847781293E-02,2.94028905436E-03,3.39536938538E-02,5.68110972525E-03,4.02951138430E-02,6.66317744630E-03,6.55418678415E-02,9.59421764338E-03,1.67698657414E-02,2.86022829938E-03,2.68185153155E-02,4.69747676746E-03,Ouvert
2016/09/11,17:30:30,254.72951389,48°39.92'N,068°34.75'W,2.56113098338E-02,4.46197311060E-03,3.40577062190E-02,5.81246299302E-03,7.28683109410E-02,1.12346674857E-02,8.72613182788E-02,1.31510332054E-02,1.44979779651E-01,1.94232838250E-02,3.91462755638E-02,6.93986640839E-03,6.59991821694E-02,1.23861512759E-02,Ouvert
2016/09/11,17:45:30,254.73993056,48°39.91'N,068°34.72'W,1.84801093054E-02,4.82143753020E-03,2.38404552542E-02,5.84932115862E-03,5.07264095957E-02,1.06292412821E-02,6.04377696527E-02,1.25568990322E-02,9.98662945690E-02,1.74872945815E-02,2.54994205668E-02,5.35159765669E-03,4.15521583594E-02,8.64005787220E-03,Ouvert
2016/09/11,18:00:31,254.75035880,48°39.90'N,068°34.71'W,3.04725219905E-02,5.91591858945E-03,4.14749427393E-02,8.09318137582E-03,9.00494314568E-02,1.67749343646E-02,1.06889646563E-01,1.95687637531E-02,1.78864615561E-01,3.04897435319E-02,4.53365212442E-02,8.96463311432E-03,7.46813018456E-02,1.51690552128E-02,Ouvert
2016/09/11,18:15:29,254.76075231,48°39.90'N,068°34.70'W,3.68345712770E-02,1.27937194983E-02,5.04020606278E-02,1.94378624118E-02,1.08820215743E-01,4.57381558673E-02,1.27814438381E-01,5.51493379168E-02,2.11647679500E-01,9.59029494025E-02,4.89629898092E-02,2.12717685485E-02,7.65493236675E-02,3.27878431377E-02,Ouvert
2016/09/11,18:30:29,254.77116898,48°39.89'N,068°34.69'W,5.26691834252E-02,2.03428136254E-02,7.41808430748E-02,2.99613829686E-02,1.61594539981E-01,6.63711185000E-02,1.89458897289E-01,7.88519381439E-02,3.11205824773E-01,1.28981780605E-01,7.36437604357E-02,3.28241430241E-02,1.11434928527E-01,4.83864418571E-02,Ouvert
2016/09/11,18:45:29,254.78158565,48°39.89'N,068°34.69'W,4.36463482297E-02,1.47612694572E-02,6.19608235028E-02,2.20350793356E-02,1.37350453883E-01,4.96948798016E-02,1.62066075237E-01,5.91012603250E-02,2.71830520286E-01,1.00527643309E-01,6.46550778452E-02,2.66473692248E-02,1.01789615237E-01,4.19042477267E-02,Ouvert
2016/09/11,19:00:29,254.79200231,48°39.87'N,068°34.67'W,4.29586197146E-02,1.43311860669E-02,6.16372388065E-02,2.08565168969E-02,1.41918171581E-01,4.56155317279E-02,1.67867715064E-01,5.26807815522E-02,2.91779327529E-01,8.20067178429E-02,6.04827400592E-02,2.38210842496E-02,9.16616420053E-02,3.46711539226E-02,Nul
2016/09/11,19:15:30,254.80243056,48°39.86'N,068°34.66'W,3.72089188611E-02,1.41368576906E-02,5.32833535836E-02,2.04724707570E-02,1.22410414097E-01,4.24101970667E-02,1.44866171815E-01,4.88002671947E-02,2.50558595236E-01,7.16872116367E-02,5.46692490741E-02,2.50457967056E-02,8.57163806155E-02,3.82938415575E-02,Nul
2016/09/11,19:30:30,254.81284722,48°39.86'N,068°34.66'W,3.79930093951E-02,9.92481258613E-03,5.51351672808E-02,1.44438479839E-02,1.27138592464E-01,3.15836208037E-02,1.49594732491E-01,3.66511687400E-02,2.55301012128E-01,5.76328531641E-02,5.83062542932E-02,1.73822549989E-02,8.94339264570E-02,2.60352750473E-02,Nul
2016/09/11,19:45:29,254.82325231,48°39.87'N,068°34.66'W,3.57045823515E-02,9.81289849418E-03,5.19651005182E-02,1.49398558996E-02,1.20235337556E-01,3.41114354061E-02,1.42535867525E-01,4.03413266442E-02,2.44212133127E-01,6.50308199522E-02,5.55658472471E-02,1.96310234598E-02,8.67512078004E-02,3.00085772526E-02,Nul
2016/09/11,20:00:29,254.83366898,48°39.86'N,068°34.66'W,1.69692568742E-02,2.69813552893E-03,2.23494221985E-02,3.60155481525E-03,4.81742713699E-02,6.93561813993E-03,5.59970372253E-02,8.03323498232E-03,9.27005769368E-02,1.16489211426E-02,2.34110489152E-02,4.03772061339E-03,3.82625515478E-02,6.78508226766E-03,Nul
2016/09/11,20:15:29,254.84408565,48°39.86'N,068°34.66'W,1.16000514222E-02,1.70329937126E-03,1.52723064573E-02,2.25919913495E-03,3.41477048712E-02,4.28846599529E-03,4.01435108208E-02,4.96746446376E-03,6.78135533807E-02,7.26121137290E-03,1.74455185550E-02,2.51512241184E-03,2.82455192396E-02,4.24529839325E-03,Nul
2016/09/11,20:30:29,254.85450231,48°39.86'N,068°34.65'W,1.31281139178E-02,1.94405680401E-03,1.64073517411E-02,2.48461130877E-03,3.54995067296E-02,4.90966593876E-03,4.11303765622E-02,5.66992756353E-03,6.75650988201E-02,8.33640830891E-03,1.71385317111E-02,2.82532720605E-03,2.83031178858E-02,4.67566483534E-03,Nul
2016/09/11,20:45:30,254.86493056,48°39.85'N,068°34.64'W,7.02627602444E-03,1.16804298221E-03,8.50878002638E-03,1.47100792518E-03,1.92357661135E-02,2.75863268600E-03,2.21727249168E-02,3.19232201237E-03,3.66567752767E-02,4.63867242553E-03,8.77975508961E-03,1.33809336893E-03,1.36494758297E-02,2.15287758804E-03,Nul
2016/09/11,21:00:29,254.87533565,48°39.83'N,068°34.63'W,8.05444351615E-03,9.12639380647E-04,1.00625391370E-02,1.20873776454E-03,2.29280038742E-02,2.36882493962E-03,2.68244891676E-02,2.76181886799E-03,4.48479969042E-02,4.02354971301E-03,1.20946068686E-02,1.48477856306E-03,1.96406566659E-02,2.54196497159E-03,Nul
2016/09/11,21:15:29,254.88575231,48°39.82'N,068°34.62'W,7.57387637071E-03,8.52302812893E-04,9.64616484949E-03,1.12343626434E-03,2.26981640459E-02,2.08352865658E-03,2.67774852316E-02,2.40978316057E-03,4.58361540060E-02,3.38947212014E-03,1.18349246420E-02,1.33376848322E-03,1.89221162803E-02,2.26343004125E-03,Nul
2016/09/11,21:30:29,254.89616898,48°39.80'N,068°34.61'W,3.70873971622E-03,4.80078237179E-04,3.42623084966E-03,5.34081248157E-04,7.28981492963E-03,8.92637482219E-04,7.73443288332E-03,9.97726388960E-04,1.14985694339E-02,1.29350273737E-03,2.82630029715E-03,3.77908402044E-04,4.19977574940E-03,6.47672135779E-04,Nul
2016/09/11,21:45:29,254.90658565,48°39.77'N,068°34.60'W,4.67240771103E-03,6.94212281602E-04,5.16417179144E-03,8.77591361064E-04,1.19047252667E-02,1.64599044230E-03,1.35435779540E-02,1.87310818093E-03,2.18551594339E-02,2.52695966446E-03,5.46450160895E-03,8.64465915847E-04,8.36684457712E-03,1.41623973106E-03,Nul
2016/09/11,22:00:29,254.91700231,48°39.75'N,068°34.59'W,3.37299526269E-03,4.01445937196E-04,3.44697719307E-03,5.00914232905E-04,8.22172002285E-03,9.66124949766E-04,9.13078412008E-03,1.11630629228E-03,1.43544157519E-02,1.56037587842E-03,3.71424585348E-03,4.52162544962E-04,5.39551316451E-03,7.25160163008E-04,Nul
2016/09/11,22:15:29,254.92741898,48°39.74'N,068°34.59'W,2.77185727442E-03,3.17853246999E-04,3.04999741391E-03,4.40601966513E-04,8.49811641944E-03,9.51895841401E-04,9.86728420043E-03,1.14217838202E-03,1.69189539242E-02,1.63066233475E-03,4.67507669257E-03,6.01158057891E-04,6.52469558591E-03,9.27772365585E-04,Nul
2016/09/11,22:30:29,254.93783565,48°39.73'N,068°34.59'W,3.30292161715E-03,3.83833940396E-04,4.08784257398E-03,5.73477178257E-04,1.17313580621E-02,1.42936997542E-03,1.38830781402E-02,1.67242499675E-03,2.32251257030E-02,2.56988274376E-03,7.86391295392E-03,9.98799082079E-04,1.08844482622E-02,1.39888831339E-03,Nul
2016/09/11,22:45:29,254.94825231,48°39.71'N,068°34.58'W,1.13487897407E-03,8.49491039661E-05,4.58843754840E-04,1.04282947618E-04,1.97520323169E-03,1.98639648273E-04,1.79855476619E-03,2.03606176313E-04,2.64484290391E-03,2.63798428178E-04,1.03000726485E-03,9.90808508811E-05,8.78745236611E-04,1.34784448281E-04,Nul
2016/09/11,23:00:29,254.95866898,48°39.69'N,068°34.59'W,8.33965778645E-04,5.04155630786E-05,6.40942758665E-05,5.80849689975E-05,1.10513464081E-03,1.02663253698E-04,7.97974241092E-04,9.77436906958E-05,1.13850730739E-03,1.14557026198E-04,6.07735807583E-04,4.65009142047E-05,2.16034790561E-04,6.31319096428E-05,Nul
2016/09/11,23:15:29,254.96908565,48°39.66'N,068°34.59'W,5.45721102849E-04,2.98567789471E-05,-2.98302195433E-04,2.38552785662E-05,3.52392589306E-04,2.55396657301E-05,-9.27815818183E-07,2.49685708029E-05,1.57656819112E-04,2.49606751713E-05,2.69834906773E-04,1.33624703399E-05,-2.91255107930E-04,1.56863210131E-05,Nul
2016/09/11,23:30:29,254.97950231,48°39.65'N,068°34.60'W,5.08676439233E-04,2.53884576188E-05,-3.43809422603E-04,2.15444370612E-05,2.45214698281E-04,1.59149683171E-05,-9.72552273582E-05,1.33557955901E-05,4.41518456404E-05,1.47874640925E-05,2.13374131150E-04,9.98730366937E-06,-3.49381497847E-04,1.00954328051E-05,Nul
2016/09/11,23:45:29,254.98991898,48°39.64'N,068°34.61'W,4.88947012631E-04,2.16989938979E-05,-3.46262752814E-04,1.78902369592E-05,2.35412565991E-04,1.35550298040E-05,-9.21186909114E-05,1.42367265015E-05,5.67810003493E-05,1.58046311261E-05,2.33432812743E-04,1.34730054317E-05,-3.39109615001E-04,1.16730623774E-05,Nul
